28614
29779
26070
1044
16205
8867
5407
1236
21891
197
24046
20340
28060
7297
16975
29002
30313
16215
20856
26066
6500
32365
8873
16811
16104
24790
16922
13800
3899
19882
24940
1865
10254
26740
5335
2023
27072
14096
12515
13924
26092
8033
19682
23620
10107
26067
16103
6629
6604
16881
4626
9546
18044
14315
25014
16946
32076
1714
26019
4885
3518
31882
2594
18599
29426
10379
21079
28064
1881
13630
18286
3391
10125
21915
2934
32539
14067
9145
28654
30036
5655
3167
24129
19717
27653
26133
20749
28169
4856
29073
24846
8929
17777
19511
24702
5171
29626
31858
21721
29486
1219
12107
9219
16245
11
24144
16921
29354
32051
23746
3889
31061
7104
29820
16893
29864
12701
14078
4059
30118
27730
22170
18257
11777
1925
12010
18249
12344
21034
21467
27107
19436
29328
10682
5662
9754
7038
22485
23013
13098
12213
11629
20981
22979
13843
26695
13557
29628
30287
8843
3558
25487
26374
25725
26652
10660
16540
7842
18060
15602
16312
18305
4080
1551
13653
1088
29160
24716
13076
16018
25715
11055
17989
14842
24041
27656
1158
16542
27522
5215
23833
7092
11050
11862
2693
4817
1048
30732
24151
13151
25194
21954
1990
32535
22176
28099
30189
8698
8553
12049
32565
24795
19134
4262
25509
18125
29847
29438
24084
11518
28708
15461
15417
2156
31357
7765
17946
32497
24473
23276
1725
28934
23790
20183
19205
30782
3191
20240
13502
1150
8477
3321
31617
16673
26873
30808
21519
2494
32147
4076
15093
3003
5806
23814
13813
21401
333
11051
30221
15048
12814
9283
2824
15584
20541
19217
4058
18759
16552
28559
10146
9673
11708
29251
14468
30102
32219
3801
2191
26401
13393
19187
2475
15351
7787
4741
2593
26197
23536
13568
14701
21067
13261
23624
2519
1630
6714
30640
29065
31685
2471
30760
22623
10208
614
12556
30749
24925
29878
30758
17346
28485
4186
6563
32434
30394
13380
21038
25357
5259
1832
9041
27701
30003
10081
27463
8640
24974
13213
22527
14225
636
12221
10231
25253
29832
7916
11504
9641
26972
12139
19912
6309
212
14612
8639
3215
24852
7821
10521
5214
14755
15369
21508
25750
18613
16409
25291
13728
31846
24552
80
18181
8564
25376
26261
18045
3867
23613
1276
21962
22835
31032
9798
7670
3294
29687
28639
10642
21711
20479
31786
11919
10982
26473
30202
23874
9338
6062
6230
2877
19593
11969
10646
7269
3758
7555
10250
12996
21196
18877
21046
8445
496
14824
16323
9858
27923
12436
27017
20873
14299
1393
27713
30725
4943
10529
28006
19005
27388
2609
18370
5941
7718
30581
31006
24659
21391
1156
27399
25525
17640
19067
9703
4144
18283
8095
25003
14586
15789
7228
3021
8475
27498
19017
23504
15321
29769
18707
12082
4616
22828
11298
724
6018
12334
27415
2964
6477
2534
27102
9435
3471
18523
10315
15247
17921
2665
31135
20965
16948
16441
12779
30009
9142
31926
27642
31034
6471
805
16777
24068
17696
8650
414
10352
12970
27781
470
94
25602
12368
26894
29434
20367
16867
15580
15249
18321
31806
26287
29526
6419
6245
15765
15287
4738
11642
29118
5536
13824
21376
26933
11734
2912
30878
1417
4978
24725
5202
19724
30863
22889
25220
16571
27955
8387
12906
27041
1923
14478
10428
181
22367
3907
13721
7390
17979
26091
11750
25644
12859
30097
25839
22973
6098
8655
9673
3176
2205
2940
22076
3174
8117
6774
24353
21968
31716
18185
32477
3571
26090
9016
12301
2835
19730
2569
11446
4530
32585
26279
19253
1749
10347
27317
2769
1746
31614
28168
23132
22124
30760
9780
4779
5226
9896
30017
15477
955
14612
24950
29648
12789
13519
12479
12556
25036
8898
17058
3580
6783
26768
4147
1550
31622
11748
25324
3448
18893
6038
1637
16470
13226
26413
488
18513
4504
7951
27265
1884
5161
4752
4873
30030
6516
3890
2704
8374
24933
13182
24525
25544
3901
3024
12497
21215
1058
6372
8482
25413
26754
21103
13425
9991
5792
26601
9886
24963
7220
20333
9170
11852
31792
24122
21799
6497
5244
9770
19560
11774
17961
15731
21705
11855
11629
4223
13646
23517
21627
16068
11669
17027
30019
19766
12082
28310
32519
25932
16795
15736
3274
29685
5652
16680
8071
17786
19387
27314
15493
21519
10211
24869
23653
28086
15379
28126
31641
4486
19907
24888
17236
14910
11385
32127
10688
15704
18285
20556
7933
6265
16324
18136
477
27037
1607
22863
8933
31026
18627
28000
13559
27545
10206
5342
158
26573
23897
4959
5990
17948
15839
27327
4082
29693
27489
8700
10926
3283
18656
32408
13745
9494
30480
15529
21223
7869
18245
28399
4739
18017
4742
19727
31839
5591
13672
19834
25628
16867
17253
30769
23004
19918
10494
29438
15168
18505
23082
14884
21341
19691
8615
459
2270
25242
24495
21443
4603
18447
31913
6878
5305
5706
20201
3200
1590
31537
18368
7123
9288
32248
5199
13389
27293
30043
27415
17897
3937
134
24535
13080
30950
5455
26359
31211
12261
1924
30600
3291
18867
16479
4072
8918
2118
29105
19965
24094
4972
16151
29459
9961
23912
15202
8155
16733
11690
4357
29655
9372
21258
6189
29580
28968
5782
23986
16976
17937
17998
1969
11081
7604
10929
7007
28714
6854
26332
1621
993
7828
7528
27800
26088
8261
28034
224
26222
4333
4591
21952
7792
23492
10920
19173
19429
20186
28954
18707
1203
27312
32639
20992
29546
8101
28609
10968
19489
23958
12581
22082
11964
12714
31216
29394
10614
17589
30889
6816
16993
10635
25595
4451
16402
21561
3671
24358
17121
17922
8253
30324
7050
4133
24974
17229
30159
15469
12956
28615
8594
3510
29785
30726
19485
21740
19222
10913
11372
15465
4546
7143
21832
13264
17617
7708
30979
21319
29794
2229
4946
22318
13309
13483
30693
21708
28209
23358
9410
10342
764
2339
13438
2001
13315
4025
16572
28672
24282
30857
26932
19439
9178
21260
7510
5829
17179
13765
31810
12420
14940
31376
8408
15392
27966
32262
14547
5600
15360
1825
650
7182
20188
1811
1315
32635
9715
13379
31499
29031
5147
7224
30158
5489
23337
3871
8487
5174
29870
5002
5621
31213
30924
26545
24535
725
23762
28772
5624
26593
30729
6223
26350
548
4891
18791
7222
28594
6009
8127
2490
11930
19334
21392
