101
4758
25401
28622
12895
10396
6906
2544
3340
28225
19869
2145
24067
12943
17073
26949
29796
6353
23226
26327
11613
29074
8207
6985
12037
971
10830
19282
3535
29821
20800
10771
4120
21981
17356
1536
15290
25998
26439
28501
6794
19658
5260
18007
10
8734
8713
23659
12750
26674
32434
24701
26977
731
18984
2020
18573
31671
8244
20204
29641
1534
11859
28278
29274
23901
15475
11147
29174
29251
14647
2483
27600
11339
13050
18756
11090
28184
32178
2869
30523
20728
615
15601
446
12711
26727
2895
11993
30371
11643
6080
22464
5198
15966
16811
16832
21394
11734
19273
27434
19678
12047
19780
15334
19709
758
3918
5593
18824
28253
8569
2851
28850
10675
27704
3652
21369
16194
3993
1066
28351
11532
15719
25003
17808
27309
13316
12035
19568
29212
31219
595
18266
588
900
9339
25369
16302
7261
6552
2282
24091
22261
1713
15994
20267
4060
10950
26587
29157
18272
13537
20381
12747
24636
17555
14102
3688
21992
7329
9953
11490
13672
12190
26520
16203
4450
17619
19581
30174
24920
3905
2755
6484
23379
26870
27552
9582
23898
15085
22963
6649
11733
8410
4402
21028
6961
30714
6633
7673
30872
7032
28235
31055
26992
4675
10714
5396
8100
27279
11200
23247
32661
8326
18265
14337
24200
26169
27171
1636
16796
4001
30090
11443
9625
12217
17304
31725
767
10232
8433
4254
5699
928
22038
5995
11694
4033
29022
3374
3676
14366
12026
19357
10104
9007
13032
21996
4562
22900
4283
15994
595
16367
4549
11192
2844
8541
21011
2904
17249
13157
19493
23732
11946
5066
31158
27529
27896
14270
17205
15250
19063
26251
26515
14038
300
5661
21198
22013
30509
8231
17972
31392
8708
23555
15344
25399
26037
19221
29252
26063
12013
15271
16495
24350
13233
30242
28473
15161
9729
427
18567
11910
8106
10766
14
5238
22581
20464
29637
23702
4550
28401
495
4187
31404
29865
31387
13988
23400
15365
25501
28713
23987
10727
20793
11777
342
21198
9423
23625
17855
24777
14500
25734
23290
29724
26442
32138
15747
2477
2310
6000
4012
31337
29833
24408
32596
1269
30739
17526
25328
10431
7441
17620
12117
18165
16648
3679
30913
9023
1693
29678
15165
15084
30252
11725
15654
24682
2096
11715
11467
20811
32062
6982
32233
21925
8173
1369
17337
8980
6472
16335
41
20758
6928
27159
1301
1995
23372
19441
17946
28874
20010
6480
6125
22873
20981
21173
20697
20042
26500
20184
9132
30984
4033
2252
6171
3050
6684
14167
17997
15785
14923
24113
31227
14828
18933
30570
24936
20644
14999
29078
24903
4701
21784
22407
31163
9566
28206
2196
29739
14484
2596
32422
22049
10288
28635
12988
30624
28323
7238
18455
30543
22675
29506
8970
13086
11717
27103
1175
11073
4875
11894
5181
25841
561
28333
28000
30786
31928
9506
20829
27990
20333
28105
10038
16157
19611
26839
3062
9902
6887
17310
110
26600
686
18211
7528
10738
13583
12750
6912
14948
28436
31820
17071
26352
10900
22055
10889
13051
17041
11081
15312
15616
16876
3746
23183
12297
3160
24242
17352
16282
12159
386
21837
22517
25735
9101
22123
26307
30951
27928
4309
16627
30680
12779
13026
26486
18097
29821
32576
27221
16267
27724
5876
11044
27001
3089
12777
1093
24044
23102
30734
23313
732
26957
24935
23127
30340
12127
3132
29103
28217
24935
19508
19875
14701
32178
20557
6482
31368
8072
26294
7395
31406
1332
20438
27097
9605
17777
23782
16222
28581
10592
1654
18492
23021
18103
16816
5222
3176
23517
2282
17978
14913
26531
11374
8084
18941
32408
17418
263
8259
2194
26088
29429
12446
2501
1868
31832
28860
16727
25073
5172
18857
31925
24023
18911
12961
19118
9620
27332
783
12106
29868
13634
22831
11016
15672
3899
12287
23499
9240
22364
1327
1454
9928
15196
26966
17328
23469
17988
1403
23014
4005
10221
19443
10214
3385
19897
13189
27018
24126
1148
26250
11766
31146
14507
21799
21238
8748
26726
18400
30935
2072
16196
31458
16454
23180
12628
1675
13691
11981
16416
6392
19065
9013
22767
27953
17859
29624
2153
22428
4372
13939
24437
16003
15916
28121
21222
10408
16011
1619
4350
24287
2636
27619
19223
15576
9349
1009
27219
21124
26135
4841
13589
4254
29805
26936
28558
23115
6010
25183
25644
20554
12249
17601
27129
1014
18653
10216
28884
7245
11544
1497
31329
7911
12932
17310
15290
24163
5867
4698
32538
16308
10431
21802
2381
15907
1903
32238
15632
12948
15356
6689
7428
12863
4477
24858
15166
20666
1996
2213
4567
1810
18740
15912
10472
31448
21871
5100
8885
2088
9322
31532
16146
23648
17534
31675
8138
371
153
11038
25273
23137
13479
59
23918
24298
7248
13974
24373
24295
3192
12243
28907
27313
24888
19710
11732
13987
3083
4979
3896
2849
19082
32622
1189
28725
2472
26439
18367
28469
7034
18201
3506
9408
9420
29351
4543
14170
25847
29570
32442
24542
28923
32243
10760
30144
9754
2056
24593
21586
13003
7268
21261
15875
14958
4921
10174
11442
23992
4168
17006
7559
15592
16377
7099
20458
30136
24652
19463
28130
29315
31266
29954
12932
3856
22663
2960
25039
17752
32738
32701
1634
23302
31388
768
10001
25463
4532
531
6863
24961
2795
12588
29424
23965
27082
7424
32397
980
30500
1317
19411
8197
2909
17229
12452
17766
13530
2800
18659
31792
164
32436
25363
19936
29934
26837
22306
25174
683
3128
9043
3805
10445
8185
17741
18494
29368
16700
18480
6163
22695
29813
30975
16276
6151
2186
29896
21845
18673
22002
11936
31488
5435
12179
25268
14082
7541
28831
32560
25556
12796
11627
21867
8968
13525
22767
23930
19064
14560
9430
12405
18780
28090
22685
8284
12828
27397
24721
9905
8904
2885
9986
1666
4669
7024
9997
14671
20090
14630
15148
27790
16093
21696
9488
15414
10115
5152
21494
10473
29895
8770
6206
23158
27505
21909
16717
7925
25441
20185
12384
19825
7664
5386
22071
20101
24483
7895
5688
5326
17560
24449
10866
31062
25286
26693
18559
801
18348
28533
28885
2752
452
21820
24157
17258
11713
19222
10451
10992
27086
3684
1756
1120
10625
17860
21302
17255
12932
20239
11076
18183
12750
12398
21120
21129
28269
4148
32422
17821
2917
17341
12251
28673
