12827
11936
9419
18020
17383
27473
31156
23626
29222
19878
10881
1941
21952
27438
1226
21222
8431
25485
29422
20028
154
9382
7450
22061
13707
26314
28516
20411
31846
1207
18011
6323
13629
5871
31203
27984
21263
32544
15809
28307
24869
30144
4401
6644
31021
12990
23340
16554
17273
9242
20064
13451
17241
13936
27789
8923
32723
24065
29437
20300
5659
2107
31869
23411
19583
693
9738
22565
10397
5890
23739
30512
15636
29732
31503
17721
27670
996
22920
15780
14376
5878
5159
13975
26370
32381
27730
20469
544
25144
1210
10649
10628
10373
2488
6274
6371
5109
722
26044
880
5423
20123
17494
30417
18435
32152
15264
14491
18350
14546
10764
17880
19457
2938
1901
26396
880
4064
29638
10709
5766
5006
15277
30313
13973
23358
6464
7309
11617
9232
3827
809
29607
13094
14640
15860
28006
29117
9908
20985
25351
20498
23949
20123
15395
20908
3020
1306
30943
1063
27829
29848
24926
8499
30196
17926
9635
13761
4109
5707
419
10418
12891
17521
26082
28797
22838
27684
16175
27225
23145
11253
6955
20124
4302
26144
13559
6779
12653
14459
6845
30208
4441
15774
3931
26532
19612
31615
12178
16716
8281
17048
31003
5077
23358
27506
16736
2695
13306
12056
7824
27933
7667
17211
9612
7306
13633
8208
25380
15352
18059
9230
10923
13968
3417
17939
11002
4384
29555
1035
30556
31390
19414
17830
25240
21681
15019
12413
14280
27357
21088
27138
5084
23224
18197
16065
31785
17941
10779
30317
15807
14137
3857
17392
14662
19046
9948
17788
4623
7795
16198
19961
27718
21422
10887
22891
4992
5438
29769
31643
19862
10084
5783
25232
29209
30185
28909
23513
15247
17663
13818
1316
10716
24403
28344
643
475
25153
16302
5725
23456
32218
13454
15452
8165
18397
27779
7531
21537
16378
1848
521
28810
25397
28827
24599
30498
24071
102
17331
32231
22135
12423
14442
345
15282
1856
6472
26623
16260
22613
18219
5418
24372
28842
3306
18085
5672
14811
14835
23561
978
29121
3938
5743
28235
9037
26060
27682
23633
32030
31088
20199
28383
31927
29305
31289
31731
31073
19085
30589
21731
5245
22631
14892
11519
13101
29662
28439
4691
6932
13693
31156
19629
19745
18580
18119
32620
3913
17777
16025
9076
25320
16159
10494
29965
19652
11916
29183
11674
27706
17641
1274
12344
26127
17146
3420
3970
27399
5038
16801
20493
14470
20755
3105
19950
18567
9729
6638
28507
17100
30880
11762
8848
32005
21524
15970
14303
15446
3189
16675
21174
23413
27349
31297
28908
10948
23251
16994
30873
10139
19482
16300
2340
7158
2395
22632
2389
14001
19546
11209
5604
31644
8212
12872
15855
29526
24822
30182
17262
28489
269
2744
14293
24196
7114
24759
17430
8874
10581
2160
8082
13565
19383
12597
13184
21652
20516
23097
26071
3426
1869
20754
4918
5816
867
19881
3733
30694
23325
7305
23957
3619
3354
30455
26614
29926
14710
6620
4832
25400
13865
12980
16776
14423
9459
7713
22789
12056
29407
24308
24067
2178
13779
30628
31064
31233
11030
7210
4919
7658
28889
20753
14343
31005
11111
25136
21973
4972
31927
29318
12289
5642
19114
27712
27467
29422
13628
11350
22764
3903
31172
23587
17845
403
20114
19551
13569
27948
23562
1752
7058
11532
26183
22987
5403
1653
15384
19401
2198
31992
12969
30998
26038
15269
1033
14187
4121
20976
29278
3993
26361
15504
17873
23067
26644
22455
19689
5929
21403
27348
24418
132
10179
27650
9266
4057
3075
17981
16831
20687
32197
2700
19506
7702
25090
23831
10474
30910
16962
21966
14730
22402
22731
13527
25357
11468
7865
29421
18636
1332
25512
25963
11634
7317
25292
20093
23216
3182
27937
24467
23193
13568
12473
18580
31222
31959
32368
29856
31093
30947
6120
29597
6611
24054
22071
13881
13788
20528
13722
22284
26647
12643
12187
13247
31722
26784
5651
19928
14564
24756
19085
6129
16702
14678
14537
25346
1304
5663
4578
16784
2712
27342
5123
17895
27721
9070
6797
10132
11227
32412
16068
12738
22860
18051
11745
13997
25159
4769
7907
9126
14556
21619
16351
25808
24883
31048
30294
13741
14795
17684
8236
9759
17291
7092
3215
1141
5976
11725
26014
847
20143
25122
19630
412
12836
15169
12892
2090
1634
10098
23134
8422
30356
11620
7290
22858
31681
27811
845
28687
31367
15805
7175
24689
23658
23103
24325
30
16228
29029
19910
10037
23566
20690
8294
16442
18024
10375
28077
5020
30459
14797
8413
13264
17250
30417
2553
30846
9139
1742
29390
16360
24484
16657
3508
32110
11695
25
5860
28388
4816
1820
12972
26607
14572
22845
1709
14983
21497
29300
10333
23804
18370
21690
17723
23378
1200
376
71
13805
32061
22535
15358
22246
27581
128
12106
20189
31836
18053
14000
8542
4773
17210
21194
17759
741
6260
19328
31090
26798
7177
5190
30959
23180
15054
25371
23615
28355
26561
12863
17308
14075
20172
14591
26988
11779
65
7451
30021
7804
3122
13571
5840
23667
8143
3754
30690
25720
9109
1882
9644
10739
13801
24392
11273
25181
4123
12152
20676
17869
16331
13890
14040
21400
28640
4006
28568
2248
14685
3029
11129
7583
19039
16546
27532
7037
7009
31328
5074
9975
15318
13026
23901
20710
13432
26310
18670
29614
23858
13851
22240
29909
28331
7969
24847
30641
13470
4489
684
9633
7468
21138
4854
20136
11977
15060
11807
26086
1409
29644
27511
27757
16819
17262
21481
22379
5242
13127
12878
29921
25582
21823
9373
12430
5924
2491
20581
26590
15893
28991
31417
32503
19145
3894
26968
5931
5784
23243
30697
3
15814
10833
27141
20777
25006
20806
17526
23563
22322
10693
23551
2247
12831
26167
8567
27144
19957
13179
8716
3649
6640
12684
22896
7404
13004
7013
21801
1994
13322
20911
32655
8667
22973
11897
5903
16739
30025
26091
10931
7421
2860
14448
12256
14879
28653
6010
9047
6738
17779
29127
21920
19599
9524
7427
373
15237
5176
23697
25177
18259
14779
22271
19822
23951
15874
15539
13492
14369
25989
19892
14932
23833
19150
29426
1984
8684
9460
14248
13095
22996
4742
21793
1482
31877
15529
7414
18881
16819
4988
15709
26269
8933
14695
21771
1018
32733
6758
23695
10412
16084
26981
3315
27631
17652
27049
13238
13385
